%YAML:1.0
---
K: !!opencv-matrix
   rows: 3
   cols: 3
   dt: d
   data: [ 2557.994737560784, 0., 664.7824187319153, 0.,
       2722.6357009373783, 396.9386903195815, 0., 0., 1. ]
D: !!opencv-matrix
   rows: 1
   cols: 5
   dt: d
   data: [ 2.5037043946245574, -33.813713075077501, 0.052087079272874745,
       0.049564798278857812, 188.14672952140717 ]